01/10/2025,1,8,17
02/10/2025,1,8,18
03/10/2025,1,8,16
06/10/2025,1,8,17
07/10/2025,1,8,19
08/10/2025,1,8,17
01/10/2025,2,14,22
02/10/2025,2,14,23
03/10/2025,2,14,22
06/10/2025,2,14,22
07/10/2025,2,14,24
08/10/2025,2,14,22
01/10/2025,3,8,16
02/10/2025,3,8,17
03/10/2025,3,8,16
06/10/2025,3,8,16
07/10/2025,3,8,18
08/10/2025,3,8,16
01/10/2025,4,14,22
02/10/2025,4,14,23
03/10/2025,4,14,22
06/10/2025,4,14,22
07/10/2025,4,14,24
08/10/2025,4,14,22
01/10/2025,5,14,22
02/10/2025,5,14,23
03/10/2025,5,14,22
06/10/2025,5,14,22
07/10/2025,5,14,24
08/10/2025,5,14,22
01/10/2025,6,8,17
02/10/2025,6,8,18
03/10/2025,6,8,16
06/10/2025,6,8,17
07/10/2025,6,8,19
08/10/2025,6,8,17
01/10/2025,7,8,18
02/10/2025,7,8,19
03/10/2025,7,8,17
06/10/2025,7,8,18
07/10/2025,7,8,20
08/10/2025,7,8,18
01/10/2025,8,14,22
02/10/2025,8,14,23
03/10/2025,8,14,22
06/10/2025,8,14,22
07/10/2025,8,14,24
08/10/2025,8,14,22
01/10/2025,9,14,22
02/10/2025,9,14,23
03/10/2025,9,14,22
06/10/2025,9,14,22
07/10/2025,9,14,24
08/10/2025,9,14,22
01/10/2025,10,8,17
02/10/2025,10,8,18
03/10/2025,10,8,16
06/10/2025,10,8,17
07/10/2025,10,8,19
08/10/2025,10,8,17
01/10/2025,11,14,22
02/10/2025,11,14,23
03/10/2025,11,14,22
06/10/2025,11,14,22
07/10/2025,11,14,24
08/10/2025,11,14,22
01/10/2025,12,8,16
02/10/2025,12,8,17
03/10/2025,12,8,16
06/10/2025,12,8,16
07/10/2025,12,8,18
08/10/2025,12,8,16
01/10/2025,13,8,16
02/10/2025,13,8,17
03/10/2025,13,8,16
06/10/2025,13,8,16
07/10/2025,13,8,18
08/10/2025,13,8,16
01/10/2025,14,14,22
02/10/2025,14,14,23
03/10/2025,14,14,22
06/10/2025,14,14,22
07/10/2025,14,14,24
08/10/2025,14,14,22
01/10/2025,15,8,18
02/10/2025,15,8,19
03/10/2025,15,8,17
06/10/2025,15,8,18
07/10/2025,15,8,20
08/10/2025,15,8,18
01/10/2025,16,14,22
02/10/2025,16,14,23
03/10/2025,16,14,22
06/10/2025,16,14,22
07/10/2025,16,14,24
08/10/2025,16,14,22
01/10/2025,17,8,16
02/10/2025,17,8,17
03/10/2025,17,8,16
06/10/2025,17,8,16
07/10/2025,17,8,18
08/10/2025,17,8,16
01/10/2025,18,8,17
02/10/2025,18,8,18
03/10/2025,18,8,16
06/10/2025,18,8,17
07/10/2025,18,8,19
08/10/2025,18,8,17
01/10/2025,19,14,22
02/10/2025,19,14,23
03/10/2025,19,14,22
06/10/2025,19,14,22
07/10/2025,19,14,24
08/10/2025,19,14,22
01/10/2025,20,8,17
02/10/2025,20,8,18
03/10/2025,20,8,16
06/10/2025,20,8,17
07/10/2025,20,8,19
08/10/2025,20,8,17
